30
40
55
70
90
115
140
180
220
270
330
400
475
525
620
730
875
1000
1150
1350
1500
1675
1850
2000
2250
5
7
10
13
16
19
24
28
30
32
33
37
41
45
49
52
53
56
61
66
70
74
78
81
82
8
10
12
13
16
18
20
22
30
35
40
46
57
60
62
65
71
78
90
91
94
100
104
110
120
3
3
3
3
3
3
3
3
3
3
3
3
3
3
3
3
3
3
3
3
3
3
3
3
3
20
30
45
60
75
100
120
140
180
210
240
275
320
360
400
450
500
545
600
675
800
900
975
1100
1250
4
5
5
5
6
6
8
8
9
10
10
11
13
13
14
14
15
15
15
16
17
18
18
19
20
6
7
8
10
13
16
20
25
28
32
34
37
42
47
51
55
60
67
72
76
80
81
82
84
87
8
10
12
15
20
21
25
28
34
40
46
57
60
66
72
80
88
95
102
110
123
130
134
140
152
50
80
100
140
190
250
300
360
450
520
625
800
900
1000
1125
1300
1500
1750
2000
2250
2600
3000
3200
3500
4000
3
4
5
6
7
7
9
10
12
14
16
19
22
23
26
27
31
32
33
38
39
43
46
48
50
10
13
17
22
25
30
36
42
49
55
60
67
80
84
91
100
113
121
134
146
160
168
175
189
200
1
1
1
1
1
1
1
1
1
1
1
1
1
1
1
1
1
1
1
1
1
1
1
1
1