3
3
4
4
4
5
5
6
6
7
7
8
9
9
10
11
12
13
14
15
16
18
19
21
1
2
2
2
2
2
2
2
2
3
3
3
3
3
3
4
4
4
4
5
5
5
6
6
3
3
3
3
4
4
4
5
5
5
6
6
7
7
8
8
9
10
11
11
12
13
14
16
2
2
2
3
3
3
3
3
4
4
4
5
5
5
6
6
7
7
8
9
9
10
11
12
0
0
0
0
0
0
0
0
0
0
0
0
1
1
1
1
1
1
1
1
1
1
1
1
2
2
3
3
3
3
4
4
4
5
5
5
6
6
7
7
8
9
10
10
11
12
13
14
2
3
3
3
3
4
4
4
5
5
6
6
7
7
8
9
9
10
11
12
13
15
16
17
1
1
1
2
2
2
2
2
2
2
2
2
3
3
3
3
3
3
4
4
4
4
5
5
1
2
2
2
2
2
2
2
3
3
3
3
3
4
4
4
4
5
5
5
6
6
7
7
3
3
3
3
4
4
4
5
5
5
6
6
7
7
8
9
10
10
11
12
13
14
16
17
3
4
4
4
5
5
6
6
7
7
8
9
9
10
11
12
13
15
16
17
19
21
22
24
2
2
2
2
2
2
2
3
3
3
3
3
4
4
4
4
5
5
5
6
6
7
7
8
1
1
2
2
2
2
2
2
2
3
3
3
3
4
4
4
5
5
5
6
6
7
7
8
3
3
3
4
4
4
5
5
6
6
7
7
8
9
9
10
11
12
13
14
15
16
18
19
1
1
1
1
1
1
1
1
1
1
1
1
1
1
1
1
2
2
2
2
2
2
2
2
3
3
3
3
4
4
4
5
5
6
6
6
7
8
8
9
9
10
11
12
13
14
15
16
2
3
3
3
3
4
4
4
5
5
5
6
6
7
7
8
9
10
10
11
12
13
14
16
1
2
2
2
2
2
2
3
3
3
3
3
4
4
4
5
5
5
6
6
7
7
8
9
2
2
2
2
2
2
3
3
3
3
3
4
4
4
5
5
6
6
6
7
8
8
9
10
2
2
3
3
3
3
4
4
4
5
5
5
6
6
7
7
8
8
9
10
11
11
12
13